0.021670338
-0.027843531
-0.073018625
-0.07270811
0.08327574
0.11327528
0.086527534
-0.023716655
-0.03870525
0.061890952
0.0934166
0.047936063
-0.02273548
0.123332754
0.002362063
-0.063779935
0.13647005
-0.18198578
-0.030677995
-0.05451912
-0.030686675
-0.076330304
0.027710985
0.021625279
-0.00595737
0.0057092006
0.07872752
0.019630013
0.048210893
-0.070296004
0.080866195
-0.0037767554
-0.06526188
0.06335392
0.09162768
-0.06587095
0.08088032
0.11915746
-0.010077597
0.11915806
0.022106152
0.04186153
-0.044755857
-0.032310404
-0.11191634
0.11168089
-0.07428
-0.077199094
-0.08778037
0.13953267
0.01579369
-0.118810385
0.04435298
0.13441509
-0.1146608
-0.04097439
-0.074097954
0.07622571
0.08473532
-0.039115697
0.08599529
0.048032288
-0.08273779
-0.00022107725
