0.03807211
-0.08413188
-0.08255887
0.023266982
0.085941605
0.082021095
-0.019420765
0.04139443
-0.24034676
0.07661541
0.033200745
-0.027501272
-0.039628476
0.103138715
0.040020805
-0.060913175
0.103955224
-0.054013237
0.03547883
-0.0067825327
0.037953865
-0.025799504
-0.05680717
0.026866976
-0.012641734
-0.031595826
0.0017503661
0.052968077
0.042209387
0.021241236
-0.045087226
0.0498357
-0.05727611
0.06680136
0.0377104
-0.05369585
0.007033653
0.100463174
-0.023855845
0.06878976
0.019244982
-0.015698817
-0.05377813
-0.013953621
-0.086900696
0.09462321
0.067060366
-0.022972886
-0.028526217
0.11823724
-0.19604386
-0.0785117
0.07271214
0.036948178
-0.087847695
-0.07044143
-0.068402186
0.029136464
0.026123427
-0.044109244
0.078853354
0.086509444
-0.07453558
-0.025075274
